# RELATORIO DE COMPARACAO MORPHE
# gerado: 2026-05-07 13:07:41
# bundle: /home/coordenador/Documentos/Morphe/Python/fft_bundle.mrph
# bundle_saved: 2026-05-07 13:05:26
# bundle_title: Morphe FFT
# tipo: fft
# fft_mode: magnitude
# sinal_entrada: x[n] - Retangular A=10000.0, início=0, largura=8, N=64
# fs_entrada: 1.0
# n_amostras_entrada: 64

## METRICAS (FPGA vs NumPy)
n_amostras_comparadas:  1024
erro_abs_max:           79687.5
erro_rms:               28173.78811
snr_db:                 0.0340 dB
erro_rel_max:           0.996095 (em indice 895)
norma_referencia:       905096.6799
norma_diferenca:        901561.2196

## ARRAYS (n  fpga  numpy  erro)
0	3.12500000e+02	8.00000000e+04	-7.96875000e+04
1	3.12466764e+02	7.99920938e+04	-7.96796271e+04
2	3.12374132e+02	7.99683780e+04	-7.96560039e+04
3	3.12219472e+02	7.99288609e+04	-7.96166415e+04
4	3.12003793e+02	7.98735562e+04	-7.95615524e+04
5	3.11723796e+02	7.98024832e+04	-7.94907594e+04
6	3.11384488e+02	7.97156666e+04	-7.94042821e+04
7	3.10983788e+02	7.96131367e+04	-7.93021529e+04
8	3.10524775e+02	7.94949290e+04	-7.91844043e+04
9	3.09999582e+02	7.93610849e+04	-7.90510853e+04
10	3.09415771e+02	7.92116508e+04	-7.89022351e+04
11	3.08771135e+02	7.90466788e+04	-7.87379077e+04
12	3.08068725e+02	7.88662263e+04	-7.85581575e+04
13	3.07301424e+02	7.86703559e+04	-7.83630545e+04
14	3.06476419e+02	7.84591358e+04	-7.81526594e+04
15	3.05591286e+02	7.82326395e+04	-7.79270483e+04
16	3.04650039e+02	7.79909457e+04	-7.76862957e+04
17	3.03644380e+02	7.77341383e+04	-7.74304939e+04
18	3.02582590e+02	7.74623065e+04	-7.71597239e+04
19	3.01462128e+02	7.71755447e+04	-7.68740826e+04
20	3.00284492e+02	7.68739525e+04	-7.65736680e+04
21	2.99046582e+02	7.65576344e+04	-7.62585878e+04
22	2.97753674e+02	7.62267003e+04	-7.59289466e+04
23	2.96404100e+02	7.58812647e+04	-7.55848606e+04
24	2.95001171e+02	7.55214475e+04	-7.52264464e+04
25	2.93537953e+02	7.51473733e+04	-7.48538353e+04
26	2.92021403e+02	7.47591715e+04	-7.44671501e+04
27	2.90450161e+02	7.43569765e+04	-7.40665263e+04
28	2.88827394e+02	7.39409274e+04	-7.36521000e+04
29	2.87146582e+02	7.35111680e+04	-7.32240214e+04
30	2.85414745e+02	7.30678468e+04	-7.27824320e+04
31	2.83630363e+02	7.26111168e+04	-7.23274864e+04
32	2.81799875e+02	7.21411356e+04	-7.18593357e+04
33	2.79910742e+02	7.16580653e+04	-7.13781546e+04
34	2.77973116e+02	7.11620725e+04	-7.08840993e+04
35	2.75985712e+02	7.06533277e+04	-7.03773420e+04
36	2.73949499e+02	7.01320063e+04	-6.98580568e+04
37	2.71862498e+02	6.95982873e+04	-6.93264248e+04
38	2.69730060e+02	6.90523543e+04	-6.87826243e+04
39	2.67550295e+02	6.84943947e+04	-6.82268444e+04
40	2.65326907e+02	6.79245998e+04	-6.76592729e+04
41	2.63053802e+02	6.73431650e+04	-6.70801112e+04
42	2.60737905e+02	6.67502895e+04	-6.64895516e+04
43	2.58377994e+02	6.61461762e+04	-6.58877982e+04
44	2.55977200e+02	6.55310315e+04	-6.52750543e+04
45	2.53529962e+02	6.49050655e+04	-6.46515356e+04
46	2.51043405e+02	6.42684920e+04	-6.40174486e+04
47	2.48516084e+02	6.36215279e+04	-6.33730118e+04
48	2.45953058e+02	6.29643935e+04	-6.27184404e+04
49	2.43345164e+02	6.22973123e+04	-6.20539671e+04
50	2.40701270e+02	6.16205111e+04	-6.13798098e+04
51	2.38020361e+02	6.09342196e+04	-6.06961993e+04
52	2.35303847e+02	6.02386705e+04	-6.00033667e+04
53	2.32549685e+02	5.95340994e+04	-5.93015497e+04
54	2.29763109e+02	5.88207445e+04	-5.85909814e+04
55	2.26943171e+02	5.80988470e+04	-5.78719038e+04
56	2.24092895e+02	5.73686503e+04	-5.71445574e+04
57	2.21207339e+02	5.66304005e+04	-5.64091931e+04
58	2.18293146e+02	5.58843460e+04	-5.56660529e+04
59	2.15349363e+02	5.51307376e+04	-5.49153883e+04
60	2.12379082e+02	5.43698282e+04	-5.41574491e+04
61	2.09377517e+02	5.36018728e+04	-5.33924952e+04
62	2.06351084e+02	5.28271282e+04	-5.26207771e+04
63	2.03299159e+02	5.20458534e+04	-5.18425542e+04
64	2.00226448e+02	5.12583090e+04	-5.10580825e+04
65	1.97125231e+02	5.04647571e+04	-5.02676319e+04
66	1.94002755e+02	4.96654618e+04	-4.94714591e+04
67	1.90859090e+02	4.88606883e+04	-4.86698292e+04
68	1.87695225e+02	4.80507032e+04	-4.78630080e+04
69	1.84510359e+02	4.72357745e+04	-4.70512641e+04
70	1.81308722e+02	4.64161712e+04	-4.62348625e+04
71	1.78090097e+02	4.55921635e+04	-4.54140734e+04
72	1.74856799e+02	4.47640223e+04	-4.45891655e+04
73	1.71605507e+02	4.39320196e+04	-4.37604141e+04
74	1.68341522e+02	4.30964278e+04	-4.29280863e+04
75	1.65064617e+02	4.22575202e+04	-4.20924556e+04
76	1.61777090e+02	4.14155704e+04	-4.12537933e+04
77	1.58476341e+02	4.05708526e+04	-4.04123763e+04
78	1.55166726e+02	3.97236411e+04	-3.95684744e+04
79	1.51848960e+02	3.88742104e+04	-3.87223614e+04
80	1.48524551e+02	3.80228351e+04	-3.78743106e+04
81	1.45191387e+02	3.71697899e+04	-3.70245986e+04
82	1.41853651e+02	3.63153492e+04	-3.61734956e+04
83	1.38511588e+02	3.54597871e+04	-3.53212755e+04
84	1.35166282e+02	3.46033775e+04	-3.44682113e+04
85	1.31817650e+02	3.37463938e+04	-3.36145762e+04
86	1.28468836e+02	3.28891087e+04	-3.27606399e+04
87	1.25120102e+02	3.20317944e+04	-3.19066743e+04
88	1.21773449e+02	3.11747222e+04	-3.10529488e+04
89	1.18427019e+02	3.03181626e+04	-3.01997355e+04
90	1.15083811e+02	2.94623849e+04	-2.93473011e+04
91	1.11745300e+02	2.86076577e+04	-2.84959124e+04
92	1.08412601e+02	2.77542480e+04	-2.76458354e+04
93	1.05084440e+02	2.69024217e+04	-2.67973373e+04
94	1.01764234e+02	2.60524434e+04	-2.59506791e+04
95	9.84522286e+01	2.52045758e+04	-2.51061236e+04
96	9.51516801e+01	2.43590805e+04	-2.42639288e+04
97	9.18582906e+01	2.35162170e+04	-2.34243587e+04
98	8.85769957e+01	2.26762431e+04	-2.25876661e+04
99	8.53085715e+01	2.18394149e+04	-2.17541064e+04
100	8.20528130e+01	2.10059863e+04	-2.09239335e+04
101	7.88107190e+01	2.01762091e+04	-2.00973984e+04
102	7.55845254e+01	1.93503330e+04	-1.92747485e+04
103	7.23751055e+01	1.85286053e+04	-1.84562302e+04
104	6.91832922e+01	1.77112711e+04	-1.76420878e+04
105	6.60081659e+01	1.68985728e+04	-1.68325646e+04
106	6.28524805e+01	1.60907504e+04	-1.60278980e+04
107	5.97172907e+01	1.52880413e+04	-1.52283241e+04
108	5.66029533e+01	1.44906801e+04	-1.44340771e+04
109	5.35095872e+01	1.36988984e+04	-1.36453888e+04
110	5.04394045e+01	1.29129251e+04	-1.28624857e+04
111	4.73927442e+01	1.21329861e+04	-1.20855934e+04
112	4.43718204e+01	1.13593042e+04	-1.13149324e+04
113	4.13745351e+01	1.05920989e+04	-1.05507244e+04
114	3.84035547e+01	9.83158665e+03	-9.79318310e+03
115	3.54598823e+01	9.07798048e+03	-9.04252060e+03
116	3.25438644e+01	8.33149006e+03	-8.29894620e+03
117	2.96563133e+01	7.59232159e+03	-7.56266527e+03
118	2.67982830e+01	6.86067769e+03	-6.83387941e+03
119	2.39705668e+01	6.13675742e+03	-6.11278686e+03
120	2.11745456e+01	5.42075612e+03	-5.39958157e+03
121	1.84092426e+01	4.71286536e+03	-4.69445612e+03
122	1.56762105e+01	4.01327292e+03	-3.99759671e+03
123	1.29767943e+01	3.32216268e+03	-3.30918589e+03
124	1.03112127e+01	2.63971456e+03	-2.62940335e+03
125	7.67979413e+00	1.96610447e+03	-1.95842467e+03
126	5.08351803e+00	1.30150424e+03	-1.29642072e+03
127	2.52355099e+00	6.46081581e+02	-6.43558030e+02
128	0.00000000e+00	0.00000000e+00	0.00000000e+00
129	2.48668627e+00	6.36581234e+02	-6.34094548e+02
130	4.93590076e+00	1.26350715e+03	-1.25857125e+03
131	7.34635197e+00	1.88062713e+03	-1.87328078e+03
132	9.71833889e+00	2.48779494e+03	-2.47807660e+03
133	1.20503858e+01	3.08486881e+03	-3.07281842e+03
134	1.43427601e+01	3.67171144e+03	-3.65736868e+03
135	1.65946559e+01	4.24819007e+03	-4.23159541e+03
136	1.88051490e+01	4.81417652e+03	-4.79537137e+03
137	2.09742743e+01	5.36954722e+03	-5.34857295e+03
138	2.31018833e+01	5.91418325e+03	-5.89108136e+03
139	2.51869154e+01	6.44797035e+03	-6.42278344e+03
140	2.72294818e+01	6.97079903e+03	-6.94356955e+03
141	2.92283202e+01	7.48256449e+03	-7.45333617e+03
142	3.11838953e+01	7.98316676e+03	-7.95198286e+03
143	3.30952468e+01	8.47251063e+03	-8.43941539e+03
144	3.49624217e+01	8.95050575e+03	-8.91554333e+03
145	3.67844890e+01	9.41706661e+03	-9.38028212e+03
146	3.85622346e+01	9.87211257e+03	-9.83355034e+03
147	4.02942403e+01	1.03155679e+04	-1.02752736e+04
148	4.19811533e+01	1.07473617e+04	-1.07053806e+04
149	4.36214798e+01	1.11674281e+04	-1.11238067e+04
150	4.52168606e+01	1.15757062e+04	-1.15304893e+04
151	4.67652182e+01	1.19721397e+04	-1.19253745e+04
152	4.82671079e+01	1.23566778e+04	-1.23084107e+04
153	4.97218232e+01	1.27292742e+04	-1.26795523e+04
154	5.11309248e+01	1.30898877e+04	-1.30387568e+04
155	5.24924429e+01	1.34384821e+04	-1.33859897e+04
156	5.38074593e+01	1.37750263e+04	-1.37212188e+04
157	5.50745803e+01	1.40994938e+04	-1.40444192e+04
158	5.62949381e+01	1.44118633e+04	-1.43555683e+04
159	5.74676069e+01	1.47121184e+04	-1.46546508e+04
160	5.85941062e+01	1.50002477e+04	-1.49416536e+04
161	5.96716706e+01	1.52762446e+04	-1.52165729e+04
162	6.07026835e+01	1.55401074e+04	-1.54794047e+04
163	6.16859343e+01	1.57918395e+04	-1.57301536e+04
164	6.26220992e+01	1.60314490e+04	-1.59688269e+04
165	6.35099710e+01	1.62589488e+04	-1.61954388e+04
166	6.43517831e+01	1.64743568e+04	-1.64100051e+04
167	6.51458655e+01	1.66776957e+04	-1.66125499e+04
168	6.58931767e+01	1.68689929e+04	-1.68030998e+04
169	6.65929853e+01	1.70482806e+04	-1.69816876e+04
170	6.72467489e+01	1.72155957e+04	-1.71483490e+04
171	6.78536974e+01	1.73709799e+04	-1.73031262e+04
172	6.84149897e+01	1.75144794e+04	-1.74460644e+04
173	6.89283569e+01	1.76461451e+04	-1.75772168e+04
174	6.93971955e+01	1.77660327e+04	-1.76966355e+04
175	6.98196438e+01	1.78742020e+04	-1.78043824e+04
176	7.01969977e+01	1.79707178e+04	-1.79005208e+04
177	7.05280100e+01	1.80556490e+04	-1.79851210e+04
178	7.08154080e+01	1.81290691e+04	-1.80582537e+04
179	7.10574341e+01	1.81910560e+04	-1.81199986e+04
180	7.12552960e+01	1.82416919e+04	-1.81704366e+04
181	7.14082280e+01	1.82810631e+04	-1.82096549e+04
182	7.15188146e+01	1.83092604e+04	-1.82377416e+04
183	7.15856461e+01	1.83263786e+04	-1.82547930e+04
184	7.16096995e+01	1.83325167e+04	-1.82609070e+04
185	7.15902528e+01	1.83277777e+04	-1.82561874e+04
186	7.15301775e+01	1.83122686e+04	-1.82407384e+04
187	7.14279053e+01	1.82861004e+04	-1.82146725e+04
188	7.12851450e+01	1.82493879e+04	-1.81781028e+04
189	7.11001455e+01	1.82022499e+04	-1.81311497e+04
190	7.08762221e+01	1.81448086e+04	-1.80739324e+04
191	7.06120300e+01	1.80771902e+04	-1.80065782e+04
192	7.03099136e+01	1.79995245e+04	-1.79292145e+04
193	6.99671974e+01	1.79119446e+04	-1.78419774e+04
194	6.95872279e+01	1.78145872e+04	-1.77450000e+04
195	6.91692076e+01	1.77075927e+04	-1.76384234e+04
196	6.87142593e+01	1.75911043e+04	-1.75223900e+04
197	6.82218489e+01	1.74652688e+04	-1.73970469e+04
198	6.76946712e+01	1.73302361e+04	-1.72625414e+04
199	6.71319570e+01	1.71861593e+04	-1.71190273e+04
200	6.65345089e+01	1.70331943e+04	-1.69666598e+04
201	6.59021420e+01	1.68715001e+04	-1.68055980e+04
202	6.52372825e+01	1.67012387e+04	-1.66360014e+04
203	6.45393467e+01	1.65225745e+04	-1.64580351e+04
204	6.38101154e+01	1.63356749e+04	-1.62718648e+04
205	6.30476906e+01	1.61407099e+04	-1.60776622e+04
206	6.22556649e+01	1.59378519e+04	-1.58755963e+04
207	6.14332624e+01	1.57272759e+04	-1.56658427e+04
208	6.05815885e+01	1.55091592e+04	-1.54485776e+04
209	5.96999985e+01	1.52836812e+04	-1.52239812e+04
210	5.87916312e+01	1.50510238e+04	-1.49922322e+04
211	5.78555560e+01	1.48113708e+04	-1.47535153e+04
212	5.68928265e+01	1.45649081e+04	-1.45080152e+04
213	5.59030986e+01	1.43118233e+04	-1.42559202e+04
214	5.48899511e+01	1.40523062e+04	-1.39974163e+04
215	5.38518907e+01	1.37865481e+04	-1.37326962e+04
216	5.27901537e+01	1.35147418e+04	-1.34619517e+04
217	5.17048005e+01	1.32370821e+04	-1.31853773e+04
218	5.05985793e+01	1.29537649e+04	-1.29031663e+04
219	4.94705675e+01	1.26649874e+04	-1.26155169e+04
220	4.83225899e+01	1.23709485e+04	-1.23226259e+04
221	4.71536828e+01	1.20718478e+04	-1.20246941e+04
222	4.59667027e+01	1.17678864e+04	-1.17219197e+04
223	4.47611416e+01	1.14592660e+04	-1.14145049e+04
224	4.35392657e+01	1.11461896e+04	-1.11026503e+04
225	4.22993988e+01	1.08288606e+04	-1.07865612e+04
226	4.10444491e+01	1.05074835e+04	-1.04664390e+04
227	3.97739779e+01	1.01822631e+04	-1.01424891e+04
228	3.84892244e+01	9.85340484e+03	-9.81491562e+03
229	3.71902111e+01	9.52111465e+03	-9.48392444e+03
230	3.58802985e+01	9.18559871e+03	-9.14971841e+03
231	3.45579609e+01	8.84706344e+03	-8.81250548e+03
232	3.32246388e+01	8.50571543e+03	-8.47249079e+03
233	3.18804939e+01	8.16176130e+03	-8.12988080e+03
234	3.05279302e+01	7.81540762e+03	-7.78487969e+03
235	2.91667731e+01	7.46686083e+03	-7.43769405e+03
236	2.77976120e+01	7.11632713e+03	-7.08852952e+03
237	2.64207858e+01	6.76401240e+03	-6.73759161e+03
238	2.50389267e+01	6.41012209e+03	-6.38508316e+03
239	2.36513138e+01	6.05486115e+03	-6.03120983e+03
240	2.22593804e+01	5.69843391e+03	-5.67617453e+03
241	2.08626567e+01	5.34104404e+03	-5.32018138e+03
242	1.94641954e+01	4.98289438e+03	-4.96343019e+03
243	1.80629838e+01	4.62418693e+03	-4.60612395e+03
244	1.66599110e+01	4.26512271e+03	-4.24846280e+03
245	1.52562129e+01	3.90590169e+03	-3.89064548e+03
246	1.38538038e+01	3.54672270e+03	-3.53286890e+03
247	1.24516900e+01	3.18778335e+03	-3.17533166e+03
248	1.10514959e+01	2.82927992e+03	-2.81822843e+03
249	9.65309567e+00	2.47140731e+03	-2.46175421e+03
250	8.25883406e+00	2.11435891e+03	-2.10610008e+03
251	6.86811316e+00	1.75832658e+03	-1.75145846e+03
252	5.48205758e+00	1.40350048e+03	-1.39801843e+03
253	4.10117997e+00	1.05006909e+03	-1.04596791e+03
254	2.72727841e+00	6.98219040e+02	-6.95491762e+02
255	1.35984658e+00	3.48135084e+02	-3.46775237e+02
256	0.00000000e+00	0.00000000e+00	0.00000000e+00
257	1.35206667e+00	3.46005481e+02	-3.44653414e+02
258	2.69406898e+00	6.89702752e+02	-6.87008683e+02
259	4.02706056e+00	1.03091541e+03	-1.02688835e+03
260	5.34986657e+00	1.36946932e+03	-1.36411945e+03
261	6.66176825e+00	1.70519269e+03	-1.69853092e+03
262	7.96083562e+00	2.03791616e+03	-2.02995532e+03
263	9.24817155e+00	2.36747284e+03	-2.35822467e+03
264	1.05225764e+01	2.69369842e+03	-2.68317584e+03
265	1.17834842e+01	3.01643118e+03	-3.00464769e+03
266	1.30294895e+01	3.33551211e+03	-3.32248262e+03
267	1.42609500e+01	3.65078497e+03	-3.63652402e+03
268	1.54770718e+01	3.96209629e+03	-3.94661922e+03
269	1.66773298e+01	4.26929552e+03	-4.25261819e+03
270	1.78600852e+01	4.57223504e+03	-4.55437495e+03
271	1.90263439e+01	4.87077021e+03	-4.85174386e+03
272	2.01747679e+01	5.16475945e+03	-5.14458468e+03
273	2.13051935e+01	5.45406429e+03	-5.43275910e+03
274	2.24159299e+01	5.73854944e+03	-5.71613351e+03
275	2.35078642e+01	6.01808279e+03	-5.99457492e+03
276	2.45804159e+01	6.29253552e+03	-6.26795510e+03
277	2.56324093e+01	6.56178211e+03	-6.53614970e+03
278	2.66627135e+01	6.82570041e+03	-6.79903770e+03
279	2.76724038e+01	7.08417167e+03	-7.05649927e+03
280	2.86603594e+01	7.33708059e+03	-7.30842023e+03
281	2.96263025e+01	7.58431536e+03	-7.55468906e+03
282	3.05688765e+01	7.82576770e+03	-7.79519883e+03
283	3.14891256e+01	8.06133291e+03	-8.02984379e+03
284	3.23862311e+01	8.29090988e+03	-8.25852365e+03
285	3.32592779e+01	8.51440114e+03	-8.48114187e+03
286	3.41076213e+01	8.73171292e+03	-8.69760530e+03
287	3.49321460e+01	8.94275512e+03	-8.90782297e+03
288	3.57316645e+01	9.14744138e+03	-9.11170972e+03
289	3.65059796e+01	9.34568914e+03	-9.30918316e+03
290	3.72546706e+01	9.53741957e+03	-9.50016490e+03
291	3.79777408e+01	9.72255768e+03	-9.68457994e+03
292	3.86755756e+01	9.90103232e+03	-9.86235674e+03
293	3.93465126e+01	1.00727762e+04	-1.00334297e+04
294	3.99904489e+01	1.02377258e+04	-1.01977353e+04
295	4.06080229e+01	1.03958216e+04	-1.03552136e+04
296	4.11984635e+01	1.05470081e+04	-1.05058096e+04
297	4.17620773e+01	1.06912333e+04	-1.06494712e+04
298	4.22977325e+01	1.08284495e+04	-1.07861518e+04
299	4.28059257e+01	1.09586129e+04	-1.09158070e+04
300	4.32873427e+01	1.10816834e+04	-1.10383961e+04
301	4.37399711e+01	1.11976251e+04	-1.11538852e+04
302	4.41646345e+01	1.13064059e+04	-1.12622413e+04
303	4.45614140e+01	1.14079977e+04	-1.13634363e+04
304	4.49303310e+01	1.15023764e+04	-1.14574460e+04
305	4.52707988e+01	1.15895216e+04	-1.15442508e+04
306	4.55824750e+01	1.16694171e+04	-1.16238346e+04
307	4.58663144e+01	1.17420506e+04	-1.16961843e+04
308	4.61221959e+01	1.18074136e+04	-1.17612914e+04
309	4.63490452e+01	1.18655016e+04	-1.18191526e+04
310	4.65472029e+01	1.19163140e+04	-1.18697668e+04
311	4.67171848e+01	1.19598541e+04	-1.19131369e+04
312	4.68590640e+01	1.19961289e+04	-1.19492698e+04
313	4.69724137e+01	1.20251495e+04	-1.19781771e+04
314	4.70570210e+01	1.20469307e+04	-1.19998737e+04
315	4.71140413e+01	1.20614911e+04	-1.20143771e+04
316	4.71430817e+01	1.20688532e+04	-1.20217101e+04
317	4.71438887e+01	1.20690432e+04	-1.20218993e+04
318	4.71164688e+01	1.20620908e+04	-1.20149744e+04
319	4.70613827e+01	1.20480299e+04	-1.20009686e+04
320	4.69797874e+01	1.20268977e+04	-1.19799180e+04
321	4.68696677e+01	1.19987352e+04	-1.19518655e+04
322	4.67321207e+01	1.19635869e+04	-1.19168548e+04
323	4.65677924e+01	1.19215010e+04	-1.18749332e+04
324	4.63769557e+01	1.18725292e+04	-1.18261522e+04
325	4.61587350e+01	1.18167266e+04	-1.17705679e+04
326	4.59139627e+01	1.17541520e+04	-1.17082380e+04
327	4.56434827e+01	1.16848673e+04	-1.16392239e+04
328	4.53466694e+01	1.16089382e+04	-1.15635915e+04
329	4.50243977e+01	1.15264332e+04	-1.14814088e+04
330	4.46764771e+01	1.14374246e+04	-1.13927482e+04
331	4.43038309e+01	1.13419877e+04	-1.12976838e+04
332	4.39065966e+01	1.12402008e+04	-1.11962942e+04
333	4.34842933e+01	1.11321458e+04	-1.10886615e+04
334	4.30379460e+01	1.10179072e+04	-1.09748693e+04
335	4.25679887e+01	1.08975730e+04	-1.08550050e+04
336	4.20745650e+01	1.07712337e+04	-1.07291592e+04
337	4.15579084e+01	1.06389831e+04	-1.05974252e+04
338	4.10183239e+01	1.05009178e+04	-1.04598994e+04
339	4.04569999e+01	1.03571369e+04	-1.03166799e+04
340	3.98734596e+01	1.02077427e+04	-1.01678693e+04
341	3.92682685e+01	1.00528399e+04	-1.00135717e+04
342	3.86420475e+01	9.89253589e+03	-9.85389384e+03
343	3.79952881e+01	9.72694059e+03	-9.68894530e+03
344	3.73279541e+01	9.55616646e+03	-9.51883851e+03
345	3.66409531e+01	9.38032838e+03	-9.34368743e+03
346	3.59349177e+01	9.19954359e+03	-9.16360868e+03
347	3.52098840e+01	9.01393162e+03	-8.97872173e+03
348	3.44665432e+01	8.82361421e+03	-8.78914767e+03
349	3.37052015e+01	8.62871529e+03	-8.59501009e+03
350	3.29263977e+01	8.42936086e+03	-8.39643446e+03
351	3.21308432e+01	8.22567892e+03	-8.19354807e+03
352	3.13190795e+01	8.01779943e+03	-7.98648035e+03
353	3.04907359e+01	7.80585422e+03	-7.77536349e+03
354	2.96475602e+01	7.58997691e+03	-7.56032935e+03
355	2.87894939e+01	7.37030284e+03	-7.34151334e+03
356	2.79173314e+01	7.14696899e+03	-7.11905166e+03
357	2.70310433e+01	6.92011392e+03	-6.89308288e+03
358	2.61315786e+01	6.68987769e+03	-6.66374611e+03
359	2.52196709e+01	6.45640175e+03	-6.43118208e+03
360	2.42955326e+01	6.21982891e+03	-6.19553338e+03
361	2.33597689e+01	5.98030324e+03	-5.95694347e+03
362	2.24133394e+01	5.73796998e+03	-5.71555664e+03
363	2.14562841e+01	5.49297548e+03	-5.47151920e+03
364	2.04897079e+01	5.24546713e+03	-5.22497742e+03
365	1.95133232e+01	4.99559323e+03	-4.97607991e+03
366	1.85289297e+01	4.74350297e+03	-4.72497404e+03
367	1.75358829e+01	4.48934632e+03	-4.47181044e+03
368	1.65357645e+01	4.23327395e+03	-4.21673818e+03
369	1.55283432e+01	3.97543715e+03	-3.95990880e+03
370	1.45151258e+01	3.71598775e+03	-3.70147263e+03
371	1.34960409e+01	3.45507806e+03	-3.44158202e+03
372	1.24718874e+01	3.19286075e+03	-3.18038887e+03
373	1.14426568e+01	2.92948881e+03	-2.91804615e+03
374	1.04103684e+01	2.66511541e+03	-2.65470505e+03
375	9.37414396e+00	2.39989391e+03	-2.39051977e+03
376	8.33550044e+00	2.13397769e+03	-2.12564219e+03
377	7.29440257e+00	1.86752011e+03	-1.86022571e+03
378	6.25240914e+00	1.60067444e+03	-1.59442203e+03
379	5.20921272e+00	1.33359377e+03	-1.32838455e+03
380	4.16541640e+00	1.06643089e+03	-1.06226547e+03
381	3.12187466e+00	7.99338288e+02	-7.96216414e+02
382	2.07998276e+00	5.32468006e+02	-5.30388024e+02
383	1.03862636e+00	2.65971589e+02	-2.64932963e+02
384	0.00000000e+00	0.00000000e+00	0.00000000e+00
385	1.03650221e+00	2.65296456e+02	-2.64259954e+02
386	2.06925380e+00	5.29768211e+02	-5.27698958e+02
387	3.09865245e+00	7.93266512e+02	-7.90167859e+02
388	4.12376526e+00	1.05564349e+03	-1.05151973e+03
389	5.14375458e+00	1.31675226e+03	-1.31160851e+03
390	6.15781660e+00	1.57644696e+03	-1.57028914e+03
391	7.16629602e+00	1.83458285e+03	-1.82741655e+03
392	8.16807208e+00	2.09101638e+03	-2.08284830e+03
393	9.16264925e+00	2.34560526e+03	-2.33644261e+03
394	1.01489872e+01	2.59820856e+03	-2.58805957e+03
395	1.11274699e+01	2.84868672e+03	-2.83755925e+03
396	1.20974803e+01	3.09690169e+03	-3.08480421e+03
397	1.30577311e+01	3.34271696e+03	-3.32965922e+03
398	1.40075923e+01	3.58599761e+03	-3.57199002e+03
399	1.49475452e+01	3.82661046e+03	-3.81166291e+03
400	1.58763033e+01	4.06442403e+03	-4.04854773e+03
401	1.67940242e+01	4.29930869e+03	-4.28251467e+03
402	1.76989517e+01	4.53113669e+03	-4.51343773e+03
403	1.85923024e+01	4.75978221e+03	-4.74118990e+03
404	1.94726746e+01	4.98512146e+03	-4.96564878e+03
405	2.03395908e+01	5.20703271e+03	-5.18669312e+03
406	2.11921129e+01	5.42539639e+03	-5.40420427e+03
407	2.20308460e+01	5.64009508e+03	-5.61806423e+03
408	2.28548882e+01	5.85101363e+03	-5.82815875e+03
409	2.36638324e+01	6.05803922e+03	-6.03437539e+03
410	2.44563792e+01	6.26106136e+03	-6.23660498e+03
411	2.52332962e+01	6.45997199e+03	-6.43473869e+03
412	2.59944006e+01	6.65466553e+03	-6.62867112e+03
413	2.67381098e+01	6.84503890e+03	-6.81830079e+03
414	2.74639703e+01	7.03099162e+03	-7.00352765e+03
415	2.81729299e+01	7.21242581e+03	-7.18425288e+03
416	2.88639394e+01	7.38924628e+03	-7.36038234e+03
417	2.95364741e+01	7.56136053e+03	-7.53182405e+03
418	3.01892185e+01	7.72867883e+03	-7.69848961e+03
419	3.08239449e+01	7.89111428e+03	-7.86029033e+03
420	3.14394345e+01	8.04858277e+03	-8.01714334e+03
421	3.20349851e+01	8.20100313e+03	-8.16896815e+03
422	3.26098021e+01	8.34829709e+03	-8.31568728e+03
423	3.31650276e+01	8.49038932e+03	-8.45722429e+03
424	3.36994080e+01	8.62720752e+03	-8.59350811e+03
425	3.42131559e+01	8.75868241e+03	-8.72446925e+03
426	3.47048715e+01	8.88474776e+03	-8.85004289e+03
427	3.51759133e+01	9.00534044e+03	-8.97016453e+03
428	3.56261677e+01	9.12040045e+03	-9.08477428e+03
429	3.60540145e+01	9.22987093e+03	-9.19381692e+03
430	3.64589105e+01	9.33369820e+03	-9.29723929e+03
431	3.68425611e+01	9.43183178e+03	-9.39498922e+03
432	3.72033701e+01	9.52422439e+03	-9.48702102e+03
433	3.75419637e+01	9.61083203e+03	-9.57329007e+03
434	3.78568844e+01	9.69161394e+03	-9.65375705e+03
435	3.81498343e+01	9.76653263e+03	-9.72838279e+03
436	3.84195187e+01	9.83555392e+03	-9.79713440e+03
437	3.86663646e+01	9.89864693e+03	-9.85998056e+03
438	3.88886720e+01	9.95578410e+03	-9.91689542e+03
439	3.90889848e+01	1.00069412e+04	-9.96785222e+03
440	3.92651121e+01	1.00520974e+04	-1.00128322e+04
441	3.94181420e+01	1.00912350e+04	-1.00518169e+04
442	3.95466843e+01	1.01243400e+04	-1.00847933e+04
443	3.96526867e+01	1.01514014e+04	-1.01117488e+04
444	3.97356580e+01	1.01724119e+04	-1.01326762e+04
445	3.97943699e+01	1.01873672e+04	-1.01475729e+04
446	3.98281034e+01	1.01962667e+04	-1.01564386e+04
447	3.98395468e+01	1.01991128e+04	-1.01592733e+04
448	3.98275888e+01	1.01959116e+04	-1.01560840e+04
449	3.97917969e+01	1.01866722e+04	-1.01468804e+04
450	3.97312641e+01	1.01714074e+04	-1.01316761e+04
451	3.96485042e+01	1.01501330e+04	-1.01104845e+04
452	3.95423093e+01	1.01228682e+04	-1.00833259e+04
453	3.94126597e+01	1.00896356e+04	-1.00502229e+04
454	3.92589632e+01	1.00504609e+04	-1.00112020e+04
455	3.90831916e+01	1.00053734e+04	-9.96629017e+03
456	3.88837836e+01	9.95440512e+03	-9.91552133e+03
457	3.86621837e+01	9.89759176e+03	-9.85892957e+03
458	3.84168228e+01	9.83497201e+03	-9.79655519e+03
459	3.81499288e+01	9.76658779e+03	-9.72843786e+03
460	3.78614679e+01	9.69248416e+03	-9.65462269e+03
461	3.75498797e+01	9.61270930e+03	-9.57515942e+03
462	3.72155333e+01	9.52731450e+03	-9.49009896e+03
463	3.68604228e+01	9.43635410e+03	-9.39949367e+03
464	3.64834369e+01	9.33988548e+03	-9.30340205e+03
465	3.60855156e+01	9.23796904e+03	-9.20188352e+03
466	3.56657099e+01	9.13066811e+03	-9.09500240e+03
467	3.52259423e+01	9.01804899e+03	-8.98282305e+03
468	3.47658519e+01	8.90018083e+03	-8.86541498e+03
469	3.42854688e+01	8.77713567e+03	-8.74285020e+03
470	3.37841692e+01	8.64898834e+03	-8.61520417e+03
471	3.32645308e+01	8.51581645e+03	-8.48255192e+03
472	3.27245585e+01	8.37770033e+03	-8.34497577e+03
473	3.21663138e+01	8.23472299e+03	-8.20255667e+03
474	3.15884923e+01	8.08697008e+03	-8.05538159e+03
475	3.09931934e+01	7.93452983e+03	-7.90353664e+03
476	3.03806260e+01	7.77749303e+03	-7.74711241e+03
477	2.97499817e+01	7.61595293e+03	-7.58620295e+03
478	2.91009518e+01	7.45000523e+03	-7.42090428e+03
479	2.84363019e+01	7.27974801e+03	-7.25131171e+03
480	2.77547540e+01	7.10528169e+03	-7.07752693e+03
481	2.70574518e+01	6.92670894e+03	-6.89965149e+03
482	2.63435151e+01	6.74413468e+03	-6.71779116e+03
483	2.56156248e+01	6.55766596e+03	-6.53205033e+03
484	2.48724809e+01	6.36741196e+03	-6.34253948e+03
485	2.41151541e+01	6.17348388e+03	-6.14936873e+03
486	2.33430929e+01	5.97599492e+03	-5.95265183e+03
487	2.25585613e+01	5.77506018e+03	-5.75250162e+03
488	2.17604044e+01	5.57079665e+03	-5.54903624e+03
489	2.09501548e+01	5.36332306e+03	-5.34237291e+03
490	2.01269309e+01	5.15275993e+03	-5.13263300e+03
491	1.92933989e+01	4.93922941e+03	-4.91993601e+03
492	1.84489112e+01	4.72285525e+03	-4.70440634e+03
493	1.75932166e+01	4.50376274e+03	-4.48616952e+03
494	1.67267835e+01	4.28207862e+03	-4.26535183e+03
495	1.58513469e+01	4.05793104e+03	-4.04207969e+03
496	1.49663372e+01	3.83144947e+03	-3.81648314e+03
497	1.40733179e+01	3.60276464e+03	-3.58869132e+03
498	1.31713265e+01	3.37200844e+03	-3.35883712e+03
499	1.22628607e+01	3.13931392e+03	-3.12705106e+03
500	1.13469697e+01	2.90481512e+03	-2.89346815e+03
501	1.04247002e+01	2.66864709e+03	-2.65822239e+03
502	9.49564192e+00	2.43094576e+03	-2.42145012e+03
503	8.56192919e+00	2.19184788e+03	-2.18328596e+03
504	7.62261307e+00	1.95149097e+03	-1.94386836e+03
505	6.67973710e+00	1.71001321e+03	-1.70333347e+03
506	5.73217089e+00	1.46755337e+03	-1.46182120e+03
507	4.78205258e+00	1.22425079e+03	-1.21946874e+03
508	3.82948824e+00	9.80245214e+02	-9.76415726e+02
509	2.87461855e+00	7.35676796e+02	-7.32802177e+02
510	1.91697952e+00	4.90685980e+02	-4.88769001e+02
511	9.59109482e-01	2.45413440e+02	-2.44454331e+02
512	0.00000000e+00	0.00000000e+00	0.00000000e+00
513	9.58377343e-01	2.45413440e+02	-2.44455063e+02
514	1.91696607e+00	4.90685980e+02	-4.88769014e+02
515	2.87364535e+00	7.35676796e+02	-7.32803151e+02
516	3.82900294e+00	9.80245214e+02	-9.76416211e+02
517	4.78208618e+00	1.22425079e+03	-1.21946870e+03
518	5.73273298e+00	1.46755337e+03	-1.46182064e+03
519	6.67959129e+00	1.71001321e+03	-1.70333362e+03
520	7.62314297e+00	1.95149097e+03	-1.94386783e+03
521	8.56174905e+00	2.19184788e+03	-2.18328614e+03
522	9.49614698e+00	2.43094576e+03	-2.42144961e+03
523	1.04243212e+01	2.66864709e+03	-2.65822277e+03
524	1.13465800e+01	2.90481512e+03	-2.89346854e+03
525	1.22622320e+01	3.13931392e+03	-3.12705168e+03
526	1.31714606e+01	3.37200844e+03	-3.35883698e+03
527	1.40726744e+01	3.60276464e+03	-3.58869196e+03
528	1.49665699e+01	3.83144947e+03	-3.81648290e+03
529	1.58506843e+01	4.05793104e+03	-4.04208036e+03
530	1.67267288e+01	4.28207862e+03	-4.26535189e+03
531	1.75923606e+01	4.50376274e+03	-4.48617037e+03
532	1.84483506e+01	4.72285525e+03	-4.70440690e+03
533	1.92933356e+01	4.93922941e+03	-4.91993607e+03
534	2.01276546e+01	5.15275993e+03	-5.13263228e+03
535	2.09498652e+01	5.36332306e+03	-5.34237320e+03
536	2.17605735e+01	5.57079665e+03	-5.54903607e+03
537	2.25581933e+01	5.77506018e+03	-5.75250199e+03
538	2.33432327e+01	5.97599492e+03	-5.95265169e+03
539	2.41145330e+01	6.17348388e+03	-6.14936935e+03
540	2.48721526e+01	6.36741196e+03	-6.34253981e+03
541	2.56147379e+01	6.55766596e+03	-6.53205122e+03
542	2.63434261e+01	6.74413468e+03	-6.71779125e+03
543	2.70562969e+01	6.92670894e+03	-6.89965264e+03
544	2.77548749e+01	7.10528169e+03	-7.07752681e+03
545	2.84359594e+01	7.27974801e+03	-7.25131205e+03
546	2.91013845e+01	7.45000523e+03	-7.42090385e+03
547	2.97492403e+01	7.61595293e+03	-7.58620369e+03
548	3.03806260e+01	7.77749303e+03	-7.74711241e+03
549	3.09937715e+01	7.93452983e+03	-7.90353606e+03
550	3.15893706e+01	8.08697008e+03	-8.05538071e+03
551	3.21663965e+01	8.23472299e+03	-8.20255659e+03
552	3.27249947e+01	8.37770033e+03	-8.34497533e+03
553	3.32642061e+01	8.51581645e+03	-8.48255225e+03
554	3.37844619e+01	8.64898834e+03	-8.61520388e+03
555	3.42850160e+01	8.77713567e+03	-8.74285066e+03
556	3.47656231e+01	8.90018083e+03	-8.86541521e+03
557	3.52257899e+01	9.01804899e+03	-8.98282320e+03
558	3.56655327e+01	9.13066811e+03	-9.09500258e+03
559	3.60848103e+01	9.23796904e+03	-9.20188423e+03
560	3.64837925e+01	9.33988548e+03	-9.30340169e+03
561	3.68600516e+01	9.43635410e+03	-9.39949405e+03
562	3.72155706e+01	9.52731450e+03	-9.49009893e+03
563	3.75489951e+01	9.61270930e+03	-9.57516031e+03
564	3.78610499e+01	9.69248416e+03	-9.65462311e+03
565	3.81503882e+01	9.76658779e+03	-9.72843741e+03
566	3.84173679e+01	9.83497201e+03	-9.79655464e+03
567	3.86619272e+01	9.89759176e+03	-9.85892983e+03
568	3.88840397e+01	9.95440512e+03	-9.91552108e+03
569	3.90827018e+01	1.00053734e+04	-9.96629066e+03
570	3.92586743e+01	1.00504609e+04	-1.00112023e+04
571	3.94119001e+01	1.00896356e+04	-1.00502237e+04
572	3.95417600e+01	1.01228682e+04	-1.00833264e+04
573	3.96481511e+01	1.01501330e+04	-1.01104848e+04
574	3.97310237e+01	1.01714074e+04	-1.01316764e+04
575	3.97906702e+01	1.01866722e+04	-1.01468816e+04
576	3.98275888e+01	1.01959116e+04	-1.01560840e+04
577	3.98397636e+01	1.01991128e+04	-1.01592731e+04
578	3.98286371e+01	1.01962667e+04	-1.01564380e+04
579	3.97938677e+01	1.01873672e+04	-1.01475734e+04
580	3.97359529e+01	1.01724119e+04	-1.01326759e+04
581	3.96535583e+01	1.01514014e+04	-1.01117479e+04
582	3.95477151e+01	1.01243400e+04	-1.00847923e+04
583	3.94184322e+01	1.00912350e+04	-1.00518166e+04
584	3.92656068e+01	1.00520974e+04	-1.00128318e+04
585	3.90888490e+01	1.00069412e+04	-9.96785235e+03
586	3.88890004e+01	9.95578410e+03	-9.91689510e+03
587	3.86656445e+01	9.89864693e+03	-9.85998128e+03
588	3.84196765e+01	9.83555392e+03	-9.79713424e+03
589	3.81500129e+01	9.76653263e+03	-9.72838262e+03
590	3.78569538e+01	9.69161394e+03	-9.65375699e+03
591	3.75415035e+01	9.61083203e+03	-9.57329053e+03
592	3.72035155e+01	9.52422439e+03	-9.48702088e+03
593	3.68422596e+01	9.43183178e+03	-9.39498952e+03
594	3.64588814e+01	9.33369820e+03	-9.29723932e+03
595	3.60531865e+01	9.22987093e+03	-9.19381775e+03
596	3.56261803e+01	9.12040045e+03	-9.08477427e+03
597	3.51764295e+01	9.00534044e+03	-8.97016401e+03
598	3.47051976e+01	8.88474776e+03	-8.85004256e+03
599	3.42128269e+01	8.75868241e+03	-8.72446958e+03
600	3.36990383e+01	8.62720752e+03	-8.59350848e+03
601	3.31644949e+01	8.49038932e+03	-8.45722482e+03
602	3.26092823e+01	8.34829709e+03	-8.31568780e+03
603	3.20339081e+01	8.20100313e+03	-8.16896923e+03
604	3.14393082e+01	8.04858277e+03	-8.01714347e+03
605	3.08239323e+01	7.89111428e+03	-7.86029034e+03
606	3.01890179e+01	7.72867883e+03	-7.69848982e+03
607	2.95357470e+01	7.56136053e+03	-7.53182478e+03
608	2.88639394e+01	7.38924628e+03	-7.36038234e+03
609	2.81729299e+01	7.21242581e+03	-7.18425288e+03
610	2.74640580e+01	7.03099162e+03	-7.00352756e+03
611	2.67377888e+01	6.84503890e+03	-6.81830111e+03
612	2.59945367e+01	6.65466553e+03	-6.62867099e+03
613	2.52339596e+01	6.45997199e+03	-6.43473803e+03
614	2.44567666e+01	6.26106136e+03	-6.23660459e+03
615	2.36638511e+01	6.05803922e+03	-6.03437537e+03
616	2.28547579e+01	5.85101363e+03	-5.82815888e+03
617	2.20309072e+01	5.64009508e+03	-5.61806417e+03
618	2.11919784e+01	5.42539639e+03	-5.40420441e+03
619	2.03390202e+01	5.20703271e+03	-5.18669369e+03
620	1.94726746e+01	4.98512146e+03	-4.96564878e+03
621	1.85927864e+01	4.75978221e+03	-4.74118942e+03
622	1.76990534e+01	4.53113669e+03	-4.51343763e+03
623	1.67937808e+01	4.29930869e+03	-4.28251491e+03
624	1.58765472e+01	4.06442403e+03	-4.04854748e+03
625	1.49475399e+01	3.82661046e+03	-3.81166292e+03
626	1.40075848e+01	3.58599761e+03	-3.57199003e+03
627	1.30574870e+01	3.34271696e+03	-3.32965947e+03
628	1.20977390e+01	3.09690169e+03	-3.08480395e+03
629	1.11279996e+01	2.84868672e+03	-2.83755872e+03
630	1.01492014e+01	2.59820856e+03	-2.58805936e+03
631	9.16275448e+00	2.34560526e+03	-2.33644251e+03
632	8.16787327e+00	2.09101638e+03	-2.08284850e+03
633	7.16615342e+00	1.83458285e+03	-1.82741669e+03
634	6.15746882e+00	1.57644696e+03	-1.57028949e+03
635	5.14340502e+00	1.31675226e+03	-1.31160886e+03
636	4.12383324e+00	1.05564349e+03	-1.05151966e+03
637	3.09904309e+00	7.93266512e+02	-7.90167469e+02
638	2.06962165e+00	5.29768211e+02	-5.27698590e+02
639	1.03650221e+00	2.65296456e+02	-2.64259954e+02
640	0.00000000e+00	0.00000000e+00	0.00000000e+00
641	1.03884920e+00	2.65971589e+02	-2.64932740e+02
642	2.08018565e+00	5.32468006e+02	-5.30387821e+02
643	3.12242055e+00	7.99338288e+02	-7.96215868e+02
644	4.16529868e+00	1.06643089e+03	-1.06226559e+03
645	5.20884193e+00	1.33359377e+03	-1.32838492e+03
646	6.25246077e+00	1.60067444e+03	-1.59442198e+03
647	7.29467435e+00	1.86752011e+03	-1.86022544e+03
648	8.33629885e+00	2.13397769e+03	-2.12564139e+03
649	9.37458483e+00	2.39989391e+03	-2.39051933e+03
650	1.04110543e+01	2.66511541e+03	-2.65470436e+03
651	1.14435625e+01	2.92948881e+03	-2.91804524e+03
652	1.24718874e+01	3.19286075e+03	-3.18038887e+03
653	1.34956958e+01	3.45507806e+03	-3.44158237e+03
654	1.45152952e+01	3.71598775e+03	-3.70147246e+03
655	1.55285195e+01	3.97543715e+03	-3.95990863e+03
656	1.65359623e+01	4.23327395e+03	-4.21673799e+03
657	1.75361212e+01	4.48934632e+03	-4.47181020e+03
658	1.85290735e+01	4.74350297e+03	-4.72497390e+03
659	1.95137563e+01	4.99559323e+03	-4.97607947e+03
660	2.04894218e+01	5.24546713e+03	-5.22497771e+03
661	2.14558716e+01	5.49297548e+03	-5.47151961e+03
662	2.24132228e+01	5.73796998e+03	-5.71555675e+03
663	2.33597258e+01	5.98030324e+03	-5.95694351e+03
664	2.42960496e+01	6.21982891e+03	-6.19553286e+03
665	2.52197722e+01	6.45640175e+03	-6.43118197e+03
666	2.61320180e+01	6.68987769e+03	-6.66374567e+03
667	2.70314865e+01	6.92011392e+03	-6.89308244e+03
668	2.79171390e+01	7.14696899e+03	-7.11905185e+03
669	2.87891341e+01	7.37030284e+03	-7.34151370e+03
670	2.96474549e+01	7.58997691e+03	-7.56032946e+03
671	3.04905041e+01	7.80585422e+03	-7.77536372e+03
672	3.13192423e+01	8.01779943e+03	-7.98648019e+03
673	3.21310143e+01	8.22567892e+03	-8.19354790e+03
674	3.29266985e+01	8.42936086e+03	-8.39643416e+03
675	3.37054402e+01	8.62871529e+03	-8.59500985e+03
676	3.44665432e+01	8.82361421e+03	-8.78914767e+03
677	3.52098080e+01	9.01393162e+03	-8.97872181e+03
678	3.59350656e+01	9.19954359e+03	-9.16360853e+03
679	3.66411714e+01	9.38032838e+03	-9.34368721e+03
680	3.73286667e+01	9.55616646e+03	-9.51883779e+03
681	3.79952881e+01	9.72694059e+03	-9.68894530e+03
682	3.86422871e+01	9.89253589e+03	-9.85389360e+03
683	3.92685126e+01	1.00528399e+04	-1.00135714e+04
684	3.98732247e+01	1.02077427e+04	-1.01678695e+04
685	4.04563004e+01	1.03571369e+04	-1.03166806e+04
686	4.10181481e+01	1.05009178e+04	-1.04598996e+04
687	4.15574527e+01	1.06389831e+04	-1.05974257e+04
688	4.20744933e+01	1.07712337e+04	-1.07291592e+04
689	4.25674654e+01	1.08975730e+04	-1.08550055e+04
690	4.30377069e+01	1.10179072e+04	-1.09748695e+04
691	4.34839442e+01	1.11321458e+04	-1.10886618e+04
692	4.39059377e+01	1.12402008e+04	-1.11962949e+04
693	4.43031281e+01	1.13419877e+04	-1.12976845e+04
694	4.46760877e+01	1.14374246e+04	-1.13927486e+04
695	4.50239374e+01	1.15264332e+04	-1.14814093e+04
696	4.53468092e+01	1.16089382e+04	-1.15635914e+04
697	4.56429380e+01	1.16848673e+04	-1.16392244e+04
698	4.59138624e+01	1.17541520e+04	-1.17082381e+04
699	4.61584089e+01	1.18167266e+04	-1.17705682e+04
700	4.63758641e+01	1.18725292e+04	-1.18261533e+04
701	4.65667016e+01	1.19215010e+04	-1.18749343e+04
702	4.67310315e+01	1.19635869e+04	-1.19168559e+04
703	4.68686578e+01	1.19987352e+04	-1.19518665e+04
704	4.69797874e+01	1.20268977e+04	-1.19799180e+04
705	4.70620055e+01	1.20480299e+04	-1.20009679e+04
706	4.71169087e+01	1.20620908e+04	-1.20149739e+04
707	4.71441926e+01	1.20690432e+04	-1.20218990e+04
708	4.71434258e+01	1.20688532e+04	-1.20217098e+04
709	4.71143256e+01	1.20614911e+04	-1.20143768e+04
710	4.70575122e+01	1.20469307e+04	-1.19998732e+04
711	4.69729289e+01	1.20251495e+04	-1.19781766e+04
712	4.68595945e+01	1.19961289e+04	-1.19492693e+04
713	4.67175656e+01	1.19598541e+04	-1.19131365e+04
714	4.65473887e+01	1.19163140e+04	-1.18697666e+04
715	4.63494254e+01	1.18655016e+04	-1.18191522e+04
716	4.61219002e+01	1.18074136e+04	-1.17612917e+04
717	4.58660854e+01	1.17420506e+04	-1.16961845e+04
718	4.55825404e+01	1.16694171e+04	-1.16238346e+04
719	4.52707422e+01	1.15895216e+04	-1.15442508e+04
720	4.49300800e+01	1.15023764e+04	-1.14574463e+04
721	4.45612677e+01	1.14079977e+04	-1.13634365e+04
722	4.41643046e+01	1.13064059e+04	-1.12622416e+04
723	4.37398634e+01	1.11976251e+04	-1.11538853e+04
724	4.32870190e+01	1.10816834e+04	-1.10383964e+04
725	4.28056729e+01	1.09586129e+04	-1.09158072e+04
726	4.22972375e+01	1.08284495e+04	-1.07861523e+04
727	4.17616625e+01	1.06912333e+04	-1.06494716e+04
728	4.11982338e+01	1.05470081e+04	-1.05058098e+04
729	4.06075083e+01	1.03958216e+04	-1.03552141e+04
730	3.99898501e+01	1.02377258e+04	-1.01977359e+04
731	3.93461039e+01	1.00727762e+04	-1.00334301e+04
732	3.86745696e+01	9.90103232e+03	-9.86235775e+03
733	3.79770848e+01	9.72255768e+03	-9.68458060e+03
734	3.72539094e+01	9.53741957e+03	-9.50016566e+03
735	3.65054032e+01	9.34568914e+03	-9.30918373e+03
736	3.57318596e+01	9.14744138e+03	-9.11170953e+03
737	3.49321116e+01	8.94275512e+03	-8.90782300e+03
738	3.41076213e+01	8.73171292e+03	-8.69760530e+03
739	3.32592779e+01	8.51440114e+03	-8.48114187e+03
740	3.23859899e+01	8.29090988e+03	-8.25852389e+03
741	3.14889401e+01	8.06133291e+03	-8.02984397e+03
742	3.05688930e+01	7.82576770e+03	-7.79519881e+03
743	2.96263952e+01	7.58431536e+03	-7.55468897e+03
744	2.86603892e+01	7.33708059e+03	-7.30842020e+03
745	2.76723086e+01	7.08417167e+03	-7.05649936e+03
746	2.66624733e+01	6.82570041e+03	-6.79903794e+03
747	2.56322700e+01	6.56178211e+03	-6.53614984e+03
748	2.45799408e+01	6.29253552e+03	-6.26795557e+03
749	2.35075183e+01	6.01808279e+03	-5.99457527e+03
750	2.24153923e+01	5.73854944e+03	-5.71613404e+03
751	2.13050373e+01	5.45406429e+03	-5.43275925e+03
752	2.01746857e+01	5.16475945e+03	-5.14458476e+03
753	1.90260660e+01	4.87077021e+03	-4.85174414e+03
754	1.78598008e+01	4.57223504e+03	-4.55437524e+03
755	1.66772288e+01	4.26929552e+03	-4.25261830e+03
756	1.54769647e+01	3.96209629e+03	-3.94661933e+03
757	1.42607534e+01	3.65078497e+03	-3.63652421e+03
758	1.30291572e+01	3.33551211e+03	-3.32248296e+03
759	1.17837740e+01	3.01643118e+03	-3.00464740e+03
760	1.05225007e+01	2.69369842e+03	-2.68317592e+03
761	9.24797259e+00	2.36747284e+03	-2.35822487e+03
762	7.96075076e+00	2.03791616e+03	-2.02995541e+03
763	6.66186801e+00	1.70519269e+03	-1.69853082e+03
764	5.34956147e+00	1.36946932e+03	-1.36411975e+03
765	4.02700340e+00	1.03091541e+03	-1.02688840e+03
766	2.69392520e+00	6.89702752e+02	-6.87008827e+02
767	1.35223447e+00	3.46005481e+02	-3.44653246e+02
768	0.00000000e+00	0.00000000e+00	0.00000000e+00
769	1.35999532e+00	3.48135084e+02	-3.46775089e+02
770	2.72764223e+00	6.98219040e+02	-6.95491398e+02
771	4.10130916e+00	1.05006909e+03	-1.04596778e+03
772	5.48221014e+00	1.40350048e+03	-1.39801827e+03
773	6.86821752e+00	1.75832658e+03	-1.75145836e+03
774	8.25897585e+00	2.11435891e+03	-2.10609994e+03
775	9.65289672e+00	2.47140731e+03	-2.46175441e+03
776	1.10516814e+01	2.82927992e+03	-2.81822824e+03
777	1.24520196e+01	3.18778335e+03	-3.17533133e+03
778	1.38541360e+01	3.54672270e+03	-3.53286857e+03
779	1.52563358e+01	3.90590169e+03	-3.89064536e+03
780	1.66605640e+01	4.26512271e+03	-4.24846215e+03
781	1.80631655e+01	4.62418693e+03	-4.60612377e+03
782	1.94643256e+01	4.98289438e+03	-4.96343006e+03
783	2.08625177e+01	5.34104404e+03	-5.32018152e+03
784	2.22601523e+01	5.69843391e+03	-5.67617376e+03
785	2.36520814e+01	6.05486115e+03	-6.03120906e+03
786	2.50400276e+01	6.41012209e+03	-6.38508206e+03
787	2.64213835e+01	6.76401240e+03	-6.73759101e+03
788	2.77979059e+01	7.11632713e+03	-7.08852922e+03
789	2.91673111e+01	7.46686083e+03	-7.43769352e+03
790	3.05288481e+01	7.81540762e+03	-7.78487877e+03
791	3.18806036e+01	8.16176130e+03	-8.12988069e+03
792	3.32254553e+01	8.50571543e+03	-8.47248998e+03
793	3.45585629e+01	8.84706344e+03	-8.81250488e+03
794	3.58809963e+01	9.18559871e+03	-9.14971771e+03
795	3.71904745e+01	9.52111465e+03	-9.48392418e+03
796	3.84897096e+01	9.85340484e+03	-9.81491513e+03
797	3.97742108e+01	1.01822631e+04	-1.01424889e+04
798	4.10449580e+01	1.05074835e+04	-1.04664385e+04
799	4.22991208e+01	1.08288606e+04	-1.07865615e+04
800	4.35395087e+01	1.11461896e+04	-1.11026501e+04
801	4.47623220e+01	1.14592660e+04	-1.14145037e+04
802	4.59677796e+01	1.17678864e+04	-1.17219186e+04
803	4.71541631e+01	1.20718478e+04	-1.20246937e+04
804	4.83231182e+01	1.23709485e+04	-1.23226254e+04
805	4.94717631e+01	1.26649874e+04	-1.26155157e+04
806	5.05997132e+01	1.29537649e+04	-1.29031651e+04
807	5.17054318e+01	1.32370821e+04	-1.31853767e+04
808	5.27910811e+01	1.35147418e+04	-1.34619508e+04
809	5.38525603e+01	1.37865481e+04	-1.37326955e+04
810	5.48908519e+01	1.40523062e+04	-1.39974154e+04
811	5.59035480e+01	1.43118233e+04	-1.42559198e+04
812	5.68936772e+01	1.45649081e+04	-1.45080144e+04
813	5.78559977e+01	1.48113708e+04	-1.47535148e+04
814	5.87923023e+01	1.50510238e+04	-1.49922315e+04
815	5.96999985e+01	1.52836812e+04	-1.52239812e+04
816	6.05819235e+01	1.55091592e+04	-1.54485772e+04
817	6.14334864e+01	1.57272759e+04	-1.56658424e+04
818	6.22561408e+01	1.59378519e+04	-1.58755958e+04
819	6.30474058e+01	1.61407099e+04	-1.60776625e+04
820	6.38096255e+01	1.63356749e+04	-1.62718653e+04
821	6.45394947e+01	1.65225745e+04	-1.64580350e+04
822	6.52374408e+01	1.67012387e+04	-1.66360012e+04
823	6.59014884e+01	1.68715001e+04	-1.68055987e+04
824	6.65341806e+01	1.70331943e+04	-1.69666601e+04
825	6.71316086e+01	1.71861593e+04	-1.71190277e+04
826	6.76943367e+01	1.73302361e+04	-1.72625418e+04
827	6.82207746e+01	1.74652688e+04	-1.73970480e+04
828	6.87139449e+01	1.75911043e+04	-1.75223903e+04
829	6.91684042e+01	1.77075927e+04	-1.76384242e+04
830	6.95863976e+01	1.78145872e+04	-1.77450008e+04
831	6.99659191e+01	1.79119446e+04	-1.78419786e+04
832	7.03099136e+01	1.79995245e+04	-1.79292145e+04
833	7.06130698e+01	1.80771902e+04	-1.80065772e+04
834	7.08771010e+01	1.81448086e+04	-1.80739315e+04
835	7.11007374e+01	1.82022499e+04	-1.81311491e+04
836	7.12854823e+01	1.82493879e+04	-1.81781025e+04
837	7.14286502e+01	1.82861004e+04	-1.82146718e+04
838	7.15308233e+01	1.83122686e+04	-1.82407378e+04
839	7.15904041e+01	1.83277777e+04	-1.82561873e+04
840	7.16101389e+01	1.83325167e+04	-1.82609066e+04
841	7.15859053e+01	1.83263786e+04	-1.82547927e+04
842	7.15188146e+01	1.83092604e+04	-1.82377416e+04
843	7.14078970e+01	1.82810631e+04	-1.82096552e+04
844	7.12557059e+01	1.82416919e+04	-1.81704362e+04
845	7.10575304e+01	1.81910560e+04	-1.81199985e+04
846	7.08154080e+01	1.81290691e+04	-1.80582537e+04
847	7.05275717e+01	1.80556490e+04	-1.79851214e+04
848	7.01972750e+01	1.79707178e+04	-1.79005205e+04
849	6.98200611e+01	1.78742020e+04	-1.78043820e+04
850	6.93974611e+01	1.77660327e+04	-1.76966352e+04
851	6.89284197e+01	1.76461451e+04	-1.75772167e+04
852	6.84147727e+01	1.75144794e+04	-1.74460646e+04
853	6.78539549e+01	1.73709799e+04	-1.73031259e+04
854	6.72469975e+01	1.72155957e+04	-1.71483487e+04
855	6.65924751e+01	1.70482806e+04	-1.69816882e+04
856	6.58933664e+01	1.68689929e+04	-1.68030996e+04
857	6.51454992e+01	1.66776957e+04	-1.66125502e+04
858	6.43513616e+01	1.64743568e+04	-1.64100055e+04
859	6.35091333e+01	1.62589488e+04	-1.61954397e+04
860	6.26217085e+01	1.60314490e+04	-1.59688273e+04
861	6.16856778e+01	1.57918395e+04	-1.57301538e+04
862	6.07022670e+01	1.55401074e+04	-1.54794052e+04
863	5.96708352e+01	1.52762446e+04	-1.52165737e+04
864	5.85941062e+01	1.50002477e+04	-1.49416536e+04
865	5.74683786e+01	1.47121184e+04	-1.46546500e+04
866	5.62952510e+01	1.44118633e+04	-1.43555680e+04
867	5.50744904e+01	1.40994938e+04	-1.40444193e+04
868	5.38079081e+01	1.37750263e+04	-1.37212184e+04
869	5.24931248e+01	1.34384821e+04	-1.33859890e+04
870	5.11313605e+01	1.30898877e+04	-1.30387563e+04
871	4.97222545e+01	1.27292742e+04	-1.26795519e+04
872	4.82673204e+01	1.23566778e+04	-1.23084105e+04
873	4.67651750e+01	1.19721397e+04	-1.19253746e+04
874	4.52164344e+01	1.15757062e+04	-1.15304897e+04
875	4.36210763e+01	1.11674281e+04	-1.11238071e+04
876	4.19815274e+01	1.07473617e+04	-1.07053802e+04
877	4.02946733e+01	1.03155679e+04	-1.02752732e+04
878	3.85621628e+01	9.87211257e+03	-9.83355041e+03
879	3.67843037e+01	9.41706661e+03	-9.38028231e+03
880	3.49619129e+01	8.95050575e+03	-8.91554384e+03
881	3.30945862e+01	8.47251063e+03	-8.43941605e+03
882	3.11828574e+01	7.98316676e+03	-7.95198390e+03
883	2.92270834e+01	7.48256449e+03	-7.45333741e+03
884	2.72287502e+01	6.97079903e+03	-6.94357028e+03
885	2.51866360e+01	6.44797035e+03	-6.42278372e+03
886	2.31011975e+01	5.91418325e+03	-5.89108205e+03
887	2.09733457e+01	5.36954722e+03	-5.34857388e+03
888	1.88042916e+01	4.81417652e+03	-4.79537223e+03
889	1.65936389e+01	4.24819007e+03	-4.23159643e+03
890	1.43414145e+01	3.67171144e+03	-3.65737002e+03
891	1.20488753e+01	3.08486881e+03	-3.07281993e+03
892	9.71734406e+00	2.48779494e+03	-2.47807760e+03
893	7.34570736e+00	1.88062713e+03	-1.87328142e+03
894	4.93502913e+00	1.26350715e+03	-1.25857212e+03
895	2.48579473e+00	6.36581234e+02	-6.34095439e+02
896	0.00000000e+00	0.00000000e+00	0.00000000e+00
897	2.52351762e+00	6.46081581e+02	-6.43558063e+02
898	5.08397875e+00	1.30150424e+03	-1.29642026e+03
899	7.68041723e+00	1.96610447e+03	-1.95842405e+03
900	1.03110767e+01	2.63971456e+03	-2.62940348e+03
901	1.29763736e+01	3.32216268e+03	-3.30918631e+03
902	1.56762655e+01	4.01327292e+03	-3.99759666e+03
903	1.84092426e+01	4.71286536e+03	-4.69445612e+03
904	2.11747443e+01	5.42075612e+03	-5.39958137e+03
905	2.39710501e+01	6.13675742e+03	-6.11278637e+03
906	2.67991241e+01	6.86067769e+03	-6.83387857e+03
907	2.96573077e+01	7.59232159e+03	-7.56266428e+03
908	3.25441530e+01	8.33149006e+03	-8.29894591e+03
909	3.54596218e+01	9.07798048e+03	-9.04252086e+03
910	3.84035577e+01	9.83158665e+03	-9.79318309e+03
911	4.13745351e+01	1.05920989e+04	-1.05507244e+04
912	4.43715645e+01	1.13593042e+04	-1.13149326e+04
913	4.73930437e+01	1.21329861e+04	-1.20855931e+04
914	5.04399155e+01	1.29129251e+04	-1.28624852e+04
915	5.35101676e+01	1.36988984e+04	-1.36453882e+04
916	5.66025877e+01	1.44906801e+04	-1.44340775e+04
917	5.97166165e+01	1.52880413e+04	-1.52283247e+04
918	6.28522420e+01	1.60907504e+04	-1.60278982e+04
919	6.60079289e+01	1.68985728e+04	-1.68325649e+04
920	6.91831872e+01	1.77112711e+04	-1.76420879e+04
921	7.23751055e+01	1.85286053e+04	-1.84562302e+04
922	7.55850634e+01	1.93503330e+04	-1.92747479e+04
923	7.88111772e+01	2.01762091e+04	-2.00973979e+04
924	8.20526317e+01	2.10059863e+04	-2.09239337e+04
925	8.53072269e+01	2.18394149e+04	-2.17541077e+04
926	8.85763470e+01	2.26762431e+04	-2.25876668e+04
927	9.18573080e+01	2.35162170e+04	-2.34243597e+04
928	9.51511344e+01	2.43590805e+04	-2.42639293e+04
929	9.84528037e+01	2.52045758e+04	-2.51061230e+04
930	1.01764987e+02	2.60524434e+04	-2.59506784e+04
931	1.05085115e+02	2.69024217e+04	-2.67973366e+04
932	1.08412400e+02	2.77542480e+04	-2.76458356e+04
933	1.11744959e+02	2.86076577e+04	-2.84959127e+04
934	1.15083855e+02	2.94623849e+04	-2.93473011e+04
935	1.18426367e+02	3.03181626e+04	-3.01997362e+04
936	1.21773634e+02	3.11747222e+04	-3.10529486e+04
937	1.25120299e+02	3.20317944e+04	-3.19066741e+04
938	1.28469552e+02	3.28891087e+04	-3.27606392e+04
939	1.31817989e+02	3.37463938e+04	-3.36145758e+04
940	1.35166244e+02	3.46033775e+04	-3.44682113e+04
941	1.38510211e+02	3.54597871e+04	-3.53212769e+04
942	1.41852369e+02	3.63153492e+04	-3.61734968e+04
943	1.45189783e+02	3.71697899e+04	-3.70246002e+04
944	1.48524696e+02	3.80228351e+04	-3.78743105e+04
945	1.51849079e+02	3.88742104e+04	-3.87223613e+04
946	1.55167471e+02	3.97236411e+04	-3.95684736e+04
947	1.58476419e+02	4.05708526e+04	-4.04123762e+04
948	1.61775966e+02	4.14155704e+04	-4.12537945e+04
949	1.65063409e+02	4.22575202e+04	-4.20924568e+04
950	1.68340542e+02	4.30964278e+04	-4.29280872e+04
951	1.71604080e+02	4.39320196e+04	-4.37604155e+04
952	1.74855931e+02	4.47640223e+04	-4.45891664e+04
953	1.78089193e+02	4.55921635e+04	-4.54140743e+04
954	1.81308296e+02	4.64161712e+04	-4.62348629e+04
955	1.84509206e+02	4.72357745e+04	-4.70512653e+04
956	1.87693904e+02	4.80507032e+04	-4.78630093e+04
957	1.90856073e+02	4.88606883e+04	-4.86698322e+04
958	1.93999857e+02	4.96654618e+04	-4.94714620e+04
959	1.97122029e+02	5.04647571e+04	-5.02676351e+04
960	2.00226448e+02	5.12583090e+04	-5.10580825e+04
961	2.03301125e+02	5.20458534e+04	-5.18425523e+04
962	2.06353086e+02	5.28271282e+04	-5.26207751e+04
963	2.09379028e+02	5.36018728e+04	-5.33924937e+04
964	2.12379082e+02	5.43698282e+04	-5.41574491e+04
965	2.15349635e+02	5.51307376e+04	-5.49153880e+04
966	2.18293412e+02	5.58843460e+04	-5.56660526e+04
967	2.21207340e+02	5.66304005e+04	-5.64091931e+04
968	2.24093127e+02	5.73686503e+04	-5.71445571e+04
969	2.26943622e+02	5.80988470e+04	-5.78719033e+04
970	2.29763761e+02	5.88207445e+04	-5.85909808e+04
971	2.32549849e+02	5.95340994e+04	-5.93015495e+04
972	2.35303990e+02	6.02386705e+04	-6.00033665e+04
973	2.38018797e+02	6.09342196e+04	-6.06962008e+04
974	2.40699887e+02	6.16205111e+04	-6.13798112e+04
975	2.43343285e+02	6.22973123e+04	-6.20539690e+04
976	2.45951459e+02	6.29643935e+04	-6.27184420e+04
977	2.48516150e+02	6.36215279e+04	-6.33730117e+04
978	2.51043478e+02	6.42684920e+04	-6.40174485e+04
979	2.53529579e+02	6.49050655e+04	-6.46515360e+04
980	2.55974971e+02	6.55310315e+04	-6.52750565e+04
981	2.58376043e+02	6.61461762e+04	-6.58878001e+04
982	2.60735627e+02	6.67502895e+04	-6.64895539e+04
983	2.63051190e+02	6.73431650e+04	-6.70801138e+04
984	2.65324942e+02	6.79245998e+04	-6.76592748e+04
985	2.67548642e+02	6.84943947e+04	-6.82268460e+04
986	2.69728271e+02	6.90523543e+04	-6.87826260e+04
987	2.71860275e+02	6.95982873e+04	-6.93264271e+04
988	2.73947134e+02	7.01320063e+04	-6.98580591e+04
989	2.75981512e+02	7.06533277e+04	-7.03773462e+04
990	2.77968824e+02	7.11620725e+04	-7.08841036e+04
991	2.79905859e+02	7.16580653e+04	-7.13781595e+04
992	2.81797780e+02	7.21411356e+04	-7.18593378e+04
993	2.83631556e+02	7.26111168e+04	-7.23274852e+04
994	2.85415449e+02	7.30678468e+04	-7.27824313e+04
995	2.87146757e+02	7.35111680e+04	-7.32240212e+04
996	2.88825839e+02	7.39409274e+04	-7.36521015e+04
997	2.90448768e+02	7.43569765e+04	-7.40665277e+04
998	2.92019817e+02	7.47591715e+04	-7.44671517e+04
999	2.93535826e+02	7.51473733e+04	-7.48538375e+04
1000	2.94999759e+02	7.55214475e+04	-7.52264478e+04
1001	2.96402973e+02	7.58812647e+04	-7.55848618e+04
1002	2.97752471e+02	7.62267003e+04	-7.59289478e+04
1003	2.99044681e+02	7.65576344e+04	-7.62585897e+04
1004	3.00282652e+02	7.68739525e+04	-7.65736698e+04
1005	3.01458525e+02	7.71755447e+04	-7.68740862e+04
1006	3.02578556e+02	7.74623065e+04	-7.71597279e+04
1007	3.03640124e+02	7.77341383e+04	-7.74304981e+04
1008	3.04647960e+02	7.79909457e+04	-7.76862977e+04
1009	3.05589525e+02	7.82326395e+04	-7.79270500e+04
1010	3.06474426e+02	7.84591358e+04	-7.81526614e+04
1011	3.07299052e+02	7.86703559e+04	-7.83630568e+04
1012	3.08064713e+02	7.88662263e+04	-7.85581615e+04
1013	3.08767261e+02	7.90466788e+04	-7.87379116e+04
1014	3.09411409e+02	7.92116508e+04	-7.89022394e+04
1015	3.09994729e+02	7.93610849e+04	-7.90510902e+04
1016	3.10520381e+02	7.94949290e+04	-7.91844087e+04
1017	3.10979715e+02	7.96131367e+04	-7.93021569e+04
1018	3.11380193e+02	7.97156666e+04	-7.94042864e+04
1019	3.11718961e+02	7.98024832e+04	-7.94907642e+04
1020	3.11999184e+02	7.98735562e+04	-7.95615570e+04
1021	3.12212902e+02	7.99288609e+04	-7.96166480e+04
1022	3.12367306e+02	7.99683780e+04	-7.96560107e+04
1023	3.12459449e+02	7.99920938e+04	-7.96796344e+04
