0 
0 
0 
0 
0 
0 
0 
0 
0 
0 
0 
0 
0 
0 
0 
0 
0 
0 
0 
0 
0 
0 
0 
0 
0 
0 
0 
0 
0 
0 
0 
0 
0 
0 
0 
0 
0 
0 
0 
0 
0 
0 
0 
0 
0 
0 
0 
0 
0 
0 
0 
0 
0 
0 
0 
0 
0 
0 
0 
0 
0 
0 
0 
0 
2 
3 
0 
0 
0 
0 
0 
0 
0 
0 
0 
0 
0 
0 
0 
0 
0 
0 
0 
0 
0 
0 
0 
0 
0 
0 
0 
0 
0 
0 
0 
0 
0 
0 
0 
0 
0 
0 
0 
0 
0 
0 
0 
0 
0 
0 
0 
0 
0 
0 
0 
0 
0 
0 
0 
0 
0 
0 
0 
0 
0 
0 
0 
0 
0 
10040 
-9531 
-24063 
-7121 
-19550 
16737 
27168 
30197 
26532 
27610 
-8973 
-19571 
-16339 
-14082 
28507 
-2 
29740 
2853 
-20816 
-30368 
-3874 
29351 
18334 
-8464 
15957 
16393 
5358 
12524 
-10225 
-17714 
-3983 
32004 
-11792 
-16552 
7434 
-25318 
-9005 
31181 
-25258 
19808 
-4207 
-6286 
-12041 
-11627 
7398 
16974 
10774 
5236 
2411 
31150 
-18788 
-19826 
30845 
32138 
-237 
12900 
18329 
-12661 
-7080 
11334 
-10195 
18911 
1890 
-17573 
0 
0 
0 
0 
0 
0 
0 
0 
0 
0 
0 
0 
0 
0 
0 
0 
0 
0 
0 
0 
0 
0 
0 
0 
0 
0 
0 
0 
0 
0 
0 
0 
0 
0 
0 
0 
0 
0 
0 
0 
0 
0 
0 
0 
0 
0 
0 
0 
0 
0 
0 
0 
0 
0 
0 
0 
0 
0 
0 
0 
0 
0 
0 
0 
